Energy	lambda	cap	AWidth	QWidth	T0	T1	error
-8.500000e-01	8.200000e-01	1.780000e+00	-8.500000e-01	5.300000e-01	2.980000e+02	3.000000e+02	2.79963
-8.500000e-01	8.200000e-01	1.780000e+00	-8.500000e-01	5.300000e-01	2.980000e+02	3.000000e+02	2.79963
-8.500000e-01	8.200000e-01	1.780000e+00	-8.500000e-01	5.300000e-01	2.980000e+02	3.000000e+02	2.79963
-8.500000e-01	8.200000e-01	1.780000e+00	-8.500000e-01	5.300000e-01	2.980000e+02	3.000000e+02	2.79963
-8.500000e-01	8.200000e-01	1.780000e+00	-8.500000e-01	5.300000e-01	2.980000e+02	3.000000e+02	2.79963
-8.500000e-01	8.200000e-01	1.780000e+00	-8.500000e-01	5.300000e-01	2.980000e+02	3.000000e+02	2.79963
3.050999e-02	3.782687e-01	2.882396e+00	-2.496080e+00	1.349402e+00	2.980000e+02	3.000000e+02	2.93580
-4.846615e-01	5.598755e-01	1.815110e+00	-1.126440e+00	7.929255e-01	2.980000e+02	3.000000e+02	2.49204
-4.846615e-01	5.598755e-01	1.815110e+00	-1.126440e+00	7.929255e-01	2.980000e+02	3.000000e+02	2.49204
-4.846615e-01	5.598755e-01	1.815110e+00	-1.126440e+00	7.929255e-01	2.980000e+02	3.000000e+02	2.49204
-4.846615e-01	5.598755e-01	1.815110e+00	-1.126440e+00	7.929255e-01	2.980000e+02	3.000000e+02	2.49204
-4.846615e-01	5.598755e-01	1.815110e+00	-1.126440e+00	7.929255e-01	2.980000e+02	3.000000e+02	2.49204
-4.846615e-01	5.598755e-01	1.815110e+00	-1.126440e+00	7.929255e-01	2.980000e+02	3.000000e+02	2.49204
1.505358e-02	7.157807e-01	2.075751e+00	-2.026655e+00	3.037082e-01	2.980000e+02	3.000000e+02	2.79195
-4.302405e-01	7.287304e-01	1.902749e+00	-1.186772e+00	5.827219e-01	2.980000e+02	3.000000e+02	2.28780
-4.302405e-01	7.287304e-01	1.902749e+00	-1.186772e+00	5.827219e-01	2.980000e+02	3.000000e+02	2.28780
-4.302405e-01	7.287305e-01	1.902749e+00	-1.186772e+00	5.827219e-01	2.980000e+02	3.000000e+02	2.28780
-4.302405e-01	7.287304e-01	1.902749e+00	-1.186772e+00	5.827219e-01	2.980000e+02	3.000000e+02	2.28780
-4.302405e-01	7.287304e-01	1.902749e+00	-1.186772e+00	5.827219e-01	2.980000e+02	3.000000e+02	2.28780
-4.302405e-01	7.287304e-01	1.902749e+00	-1.186772e+00	5.827219e-01	2.980000e+02	3.000000e+02	2.28780
-8.925429e-02	7.471643e-01	2.089766e+00	-1.513602e+00	2.835327e-01	2.980000e+02	3.000000e+02	2.52699
-3.590557e-01	7.586062e-01	1.951764e+00	-1.181693e+00	4.671502e-01	2.980000e+02	3.000000e+02	2.24295
-3.590557e-01	7.586062e-01	1.951764e+00	-1.181693e+00	4.671502e-01	2.980000e+02	3.000000e+02	2.24295
-3.590557e-01	7.586062e-01	1.951764e+00	-1.181693e+00	4.671502e-01	2.980000e+02	3.000000e+02	2.24295
-3.590557e-01	7.586062e-01	1.951764e+00	-1.181693e+00	4.671502e-01	2.980000e+02	3.000000e+02	2.24295
-3.590557e-01	7.586062e-01	1.951764e+00	-1.181693e+00	4.671502e-01	2.980000e+02	3.000000e+02	2.24295
-3.590557e-01	7.586062e-01	1.951764e+00	-1.181693e+00	4.671502e-01	2.980000e+02	3.000000e+02	2.24295
-1.653474e-01	7.355453e-01	2.032268e+00	-1.349030e+00	3.469746e-01	2.980000e+02	3.000000e+02	2.23792
-1.653474e-01	7.355453e-01	2.032268e+00	-1.349030e+00	3.469746e-01	2.980000e+02	3.000000e+02	2.23792
-1.653474e-01	7.355453e-01	2.032268e+00	-1.349030e+00	3.469746e-01	2.980000e+02	3.000000e+02	2.23792
-1.653474e-01	7.355453e-01	2.032268e+00	-1.349030e+00	3.469746e-01	2.980000e+02	3.000000e+02	2.23792
-1.653474e-01	7.355453e-01	2.032268e+00	-1.349031e+00	3.469746e-01	2.980000e+02	3.000000e+02	2.23792
-1.653474e-01	7.355453e-01	2.032268e+00	-1.349030e+00	3.469746e-01	2.980000e+02	3.000000e+02	2.23792
-1.565523e-01	7.043381e-01	2.081970e+00	-1.316948e+00	3.172186e-01	2.980000e+02	3.000000e+02	2.21305
-1.565523e-01	7.043381e-01	2.081970e+00	-1.316948e+00	3.172186e-01	2.980000e+02	3.000000e+02	2.21305
-1.565523e-01	7.043381e-01	2.081970e+00	-1.316948e+00	3.172186e-01	2.980000e+02	3.000000e+02	2.21305
-1.565523e-01	7.043381e-01	2.081970e+00	-1.316948e+00	3.172186e-01	2.980000e+02	3.000000e+02	2.21305
-1.565523e-01	7.043381e-01	2.081970e+00	-1.316948e+00	3.172186e-01	2.980000e+02	3.000000e+02	2.21305
-1.565523e-01	7.043381e-01	2.081970e+00	-1.316948e+00	3.172186e-01	2.980000e+02	3.000000e+02	2.21305
-1.673273e-01	7.057577e-01	1.936292e+00	-1.306175e+00	3.342063e-01	2.980000e+02	3.000000e+02	2.21293
-1.673273e-01	7.057577e-01	1.936292e+00	-1.306175e+00	3.342063e-01	2.980000e+02	3.000000e+02	2.21293
-1.673273e-01	7.057577e-01	1.936292e+00	-1.306175e+00	3.342063e-01	2.980000e+02	3.000000e+02	2.21293
-1.673273e-01	7.057577e-01	1.936292e+00	-1.306175e+00	3.342063e-01	2.980000e+02	3.000000e+02	2.21293
-1.673273e-01	7.057577e-01	1.936292e+00	-1.306175e+00	3.342063e-01	2.980000e+02	3.000000e+02	2.21293
-1.673273e-01	7.057577e-01	1.936292e+00	-1.306175e+00	3.342063e-01	2.980000e+02	3.000000e+02	2.21293
-1.601727e-01	7.048272e-01	1.968791e+00	-1.297353e+00	3.210547e-01	2.980000e+02	3.000000e+02	2.21229
-1.601727e-01	7.048272e-01	1.968791e+00	-1.297353e+00	3.210547e-01	2.980000e+02	3.000000e+02	2.21229
-1.601727e-01	7.048272e-01	1.968791e+00	-1.297353e+00	3.210547e-01	2.980000e+02	3.000000e+02	2.21229
-1.601727e-01	7.048272e-01	1.968791e+00	-1.297353e+00	3.210547e-01	2.980000e+02	3.000000e+02	2.21229
-1.601727e-01	7.048272e-01	1.968791e+00	-1.297353e+00	3.210547e-01	2.980000e+02	3.000000e+02	2.21229
-1.601727e-01	7.048272e-01	1.968791e+00	-1.297353e+00	3.210547e-01	2.980000e+02	3.000000e+02	2.21229
-1.657191e-01	7.052848e-01	1.998808e+00	-1.314653e+00	3.323573e-01	2.980000e+02	3.000000e+02	2.21291
-1.632956e-01	7.052153e-01	1.967181e+00	-1.303234e+00	3.272073e-01	2.980000e+02	3.000000e+02	2.21215
-1.632956e-01	7.052153e-01	1.967181e+00	-1.303234e+00	3.272073e-01	2.980000e+02	3.000000e+02	2.21215
-1.632956e-01	7.052153e-01	1.967181e+00	-1.303234e+00	3.272073e-01	2.980000e+02	3.000000e+02	2.21215
-1.632956e-01	7.052153e-01	1.967181e+00	-1.303234e+00	3.272073e-01	2.980000e+02	3.000000e+02	2.21215
-1.632956e-01	7.052153e-01	1.967181e+00	-1.303234e+00	3.272073e-01	2.980000e+02	3.000000e+02	2.21215
-1.632956e-01	7.052153e-01	1.967181e+00	-1.303234e+00	3.272074e-01	2.980000e+02	3.000000e+02	2.21215
-1.647172e-01	7.054487e-01	1.984746e+00	-1.308041e+00	3.296663e-01	2.980000e+02	3.000000e+02	2.21211
-1.647172e-01	7.054487e-01	1.984746e+00	-1.308041e+00	3.296663e-01	2.980000e+02	3.000000e+02	2.21211
-1.647172e-01	7.054487e-01	1.984746e+00	-1.308041e+00	3.296663e-01	2.980000e+02	3.000000e+02	2.21211
-1.647172e-01	7.054487e-01	1.984746e+00	-1.308041e+00	3.296663e-01	2.980000e+02	3.000000e+02	2.21211
-1.647172e-01	7.054487e-01	1.984746e+00	-1.308041e+00	3.296663e-01	2.980000e+02	3.000000e+02	2.21211
-1.647172e-01	7.054487e-01	1.984746e+00	-1.308041e+00	3.296664e-01	2.980000e+02	3.000000e+02	2.21211
-1.660372e-01	7.056634e-01	2.020068e+00	-1.318057e+00	3.327079e-01	2.980000e+02	3.000000e+02	2.21208
-1.660372e-01	7.056634e-01	2.020068e+00	-1.318057e+00	3.327079e-01	2.980000e+02	3.000000e+02	2.21208
-1.660372e-01	7.056635e-01	2.020068e+00	-1.318057e+00	3.327079e-01	2.980000e+02	3.000000e+02	2.21208
-1.660372e-01	7.056634e-01	2.020068e+00	-1.318057e+00	3.327079e-01	2.980000e+02	3.000000e+02	2.21208
-1.660372e-01	7.056634e-01	2.020068e+00	-1.318057e+00	3.327079e-01	2.980000e+02	3.000000e+02	2.21208
-1.660372e-01	7.056634e-01	2.020068e+00	-1.318057e+00	3.327080e-01	2.980000e+02	3.000000e+02	2.21208
-1.680959e-01	7.059437e-01	2.090991e+00	-1.337467e+00	3.377266e-01	2.980000e+02	3.000000e+02	2.21201
-1.680959e-01	7.059437e-01	2.090991e+00	-1.337467e+00	3.377266e-01	2.980000e+02	3.000000e+02	2.21201
-1.680959e-01	7.059437e-01	2.090991e+00	-1.337467e+00	3.377266e-01	2.980000e+02	3.000000e+02	2.21201
-1.680959e-01	7.059437e-01	2.090991e+00	-1.337467e+00	3.377266e-01	2.980000e+02	3.000000e+02	2.21201
-1.680959e-01	7.059437e-01	2.090991e+00	-1.337467e+00	3.377266e-01	2.980000e+02	3.000000e+02	2.21201
-1.680959e-01	7.059437e-01	2.090991e+00	-1.337467e+00	3.377266e-01	2.980000e+02	3.000000e+02	2.21201
-1.717266e-01	7.063268e-01	2.233144e+00	-1.375404e+00	3.469429e-01	2.980000e+02	3.000000e+02	2.21192
-1.717266e-01	7.063268e-01	2.233144e+00	-1.375404e+00	3.469429e-01	2.980000e+02	3.000000e+02	2.21192
-1.717266e-01	7.063268e-01	2.233144e+00	-1.375404e+00	3.469429e-01	2.980000e+02	3.000000e+02	2.21192
-1.717266e-01	7.063268e-01	2.233144e+00	-1.375404e+00	3.469429e-01	2.980000e+02	3.000000e+02	2.21192
-1.717266e-01	7.063268e-01	2.233144e+00	-1.375404e+00	3.469429e-01	2.980000e+02	3.000000e+02	2.21192
-1.717266e-01	7.063268e-01	2.233144e+00	-1.375404e+00	3.469429e-01	2.980000e+02	3.000000e+02	2.21192
-1.778991e-01	7.069270e-01	2.518699e+00	-1.447120e+00	3.629556e-01	2.980000e+02	3.000000e+02	2.21185
-1.778991e-01	7.069270e-01	2.518699e+00	-1.447120e+00	3.629556e-01	2.980000e+02	3.000000e+02	2.21185
-1.778991e-01	7.069271e-01	2.518699e+00	-1.447120e+00	3.629556e-01	2.980000e+02	3.000000e+02	2.21185
-1.778991e-01	7.069270e-01	2.518699e+00	-1.447120e+00	3.629556e-01	2.980000e+02	3.000000e+02	2.21185
-1.778991e-01	7.069270e-01	2.518699e+00	-1.447120e+00	3.629556e-01	2.980000e+02	3.000000e+02	2.21185
-1.778991e-01	7.069270e-01	2.518699e+00	-1.447120e+00	3.629556e-01	2.980000e+02	3.000000e+02	2.21185
-1.839767e-01	7.080140e-01	2.806344e+00	-1.510474e+00	3.766674e-01	2.980000e+02	3.000000e+02	2.21176
-1.839767e-01	7.080140e-01	2.806344e+00	-1.510474e+00	3.766674e-01	2.980000e+02	3.000000e+02	2.21176
-1.839767e-01	7.080140e-01	2.806344e+00	-1.510474e+00	3.766674e-01	2.980000e+02	3.000000e+02	2.21176
-1.839767e-01	7.080140e-01	2.806344e+00	-1.510474e+00	3.766674e-01	2.980000e+02	3.000000e+02	2.21176
-1.839767e-01	7.080140e-01	2.806344e+00	-1.510474e+00	3.766674e-01	2.980000e+02	3.000000e+02	2.21176
-1.839767e-01	7.080140e-01	2.806344e+00	-1.510474e+00	3.766675e-01	2.980000e+02	3.000000e+02	2.21176
-1.910267e-01	7.087193e-01	3.260439e+00	-1.604639e+00	3.947271e-01	2.980000e+02	3.000000e+02	2.21183
-1.879966e-01	7.090150e-01	2.919615e+00	-1.534270e+00	3.838471e-01	2.980000e+02	3.000000e+02	2.21166
-1.879966e-01	7.090150e-01	2.919615e+00	-1.534270e+00	3.838471e-01	2.980000e+02	3.000000e+02	2.21166
-1.879966e-01	7.090150e-01	2.919615e+00	-1.534270e+00	3.838471e-01	2.980000e+02	3.000000e+02	2.21166
-1.879966e-01	7.090150e-01	2.919615e+00	-1.534270e+00	3.838471e-01	2.980000e+02	3.000000e+02	2.21166
-1.879966e-01	7.090150e-01	2.919615e+00	-1.534270e+00	3.838471e-01	2.980000e+02	3.000000e+02	2.21166
-1.879966e-01	7.090150e-01	2.919615e+00	-1.534270e+00	3.838471e-01	2.980000e+02	3.000000e+02	2.21166
-1.923444e-01	7.095324e-01	3.146337e+00	-1.582550e+00	3.942614e-01	2.980000e+02	3.000000e+02	2.21163
-1.923444e-01	7.095324e-01	3.146337e+00	-1.582550e+00	3.942614e-01	2.980000e+02	3.000000e+02	2.21163
-1.923444e-01	7.095324e-01	3.146337e+00	-1.582550e+00	3.942614e-01	2.980000e+02	3.000000e+02	2.21163
-1.923444e-01	7.095324e-01	3.146337e+00	-1.582550e+00	3.942614e-01	2.980000e+02	3.000000e+02	2.21163
-1.923444e-01	7.095324e-01	3.146337e+00	-1.582550e+00	3.942614e-01	2.980000e+02	3.000000e+02	2.21163
-1.923444e-01	7.095324e-01	3.146337e+00	-1.582550e+00	3.942614e-01	2.980000e+02	3.000000e+02	2.21163
-1.971170e-01	7.098316e-01	3.602296e+00	-1.668213e+00	4.078911e-01	2.980000e+02	3.000000e+02	2.21172
-1.945399e-01	7.100643e-01	3.260337e+00	-1.603640e+00	3.986644e-01	2.980000e+02	3.000000e+02	2.21160
-1.945399e-01	7.100643e-01	3.260337e+00	-1.603640e+00	3.986644e-01	2.980000e+02	3.000000e+02	2.21160
-1.945399e-01	7.100643e-01	3.260337e+00	-1.603640e+00	3.986644e-01	2.980000e+02	3.000000e+02	2.21160
-1.945399e-01	7.100643e-01	3.260337e+00	-1.603640e+00	3.986644e-01	2.980000e+02	3.000000e+02	2.21160
-1.945399e-01	7.100643e-01	3.260337e+00	-1.603640e+00	3.986644e-01	2.980000e+02	3.000000e+02	2.21160
-1.945399e-01	7.100643e-01	3.260337e+00	-1.603640e+00	3.986644e-01	2.980000e+02	3.000000e+02	2.21160
-1.974518e-01	7.102602e-01	3.488160e+00	-1.647108e+00	4.064243e-01	2.980000e+02	3.000000e+02	2.21158
-1.974518e-01	7.102602e-01	3.488160e+00	-1.647108e+00	4.064243e-01	2.980000e+02	3.000000e+02	2.21158
-1.974518e-01	7.102602e-01	3.488160e+00	-1.647108e+00	4.064243e-01	2.980000e+02	3.000000e+02	2.21158
-1.974518e-01	7.102602e-01	3.488160e+00	-1.647108e+00	4.064243e-01	2.980000e+02	3.000000e+02	2.21158
-1.974518e-01	7.102602e-01	3.488160e+00	-1.647108e+00	4.064243e-01	2.980000e+02	3.000000e+02	2.21158
-1.974518e-01	7.102602e-01	3.488160e+00	-1.647108e+00	4.064243e-01	2.980000e+02	3.000000e+02	2.21158
-2.007735e-01	7.102521e-01	3.945614e+00	-1.724934e+00	4.170935e-01	2.980000e+02	3.000000e+02	2.21165
-1.986038e-01	7.104349e-01	3.602631e+00	-1.665876e+00	4.092973e-01	2.980000e+02	3.000000e+02	2.21155
-1.986038e-01	7.104349e-01	3.602631e+00	-1.665876e+00	4.092973e-01	2.980000e+02	3.000000e+02	2.21155
-1.986038e-01	7.104349e-01	3.602631e+00	-1.665876e+00	4.092973e-01	2.980000e+02	3.000000e+02	2.21155
-1.986038e-01	7.104349e-01	3.602631e+00	-1.665876e+00	4.092973e-01	2.980000e+02	3.000000e+02	2.21155
-1.986038e-01	7.104349e-01	3.602631e+00	-1.665876e+00	4.092973e-01	2.980000e+02	3.000000e+02	2.21155
-1.986038e-01	7.104349e-01	3.602631e+00	-1.665876e+00	4.092973e-01	2.980000e+02	3.000000e+02	2.21155
-2.013104e-01	7.107137e-01	3.831137e+00	-1.705784e+00	4.160998e-01	2.980000e+02	3.000000e+02	2.21153
-2.013104e-01	7.107137e-01	3.831137e+00	-1.705784e+00	4.160998e-01	2.980000e+02	3.000000e+02	2.21153
-2.013104e-01	7.107137e-01	3.831137e+00	-1.705784e+00	4.160998e-01	2.980000e+02	3.000000e+02	2.21153
-2.013104e-01	7.107137e-01	3.831137e+00	-1.705784e+00	4.160998e-01	2.980000e+02	3.000000e+02	2.21153
-2.013104e-01	7.107137e-01	3.831137e+00	-1.705784e+00	4.160998e-01	2.980000e+02	3.000000e+02	2.21153
-2.013104e-01	7.107137e-01	3.831137e+00	-1.705784e+00	4.160999e-01	2.980000e+02	3.000000e+02	2.21153
-2.031950e-01	7.109447e-01	4.060424e+00	-1.741292e+00	4.210437e-01	2.980000e+02	3.000000e+02	2.21151
-2.031951e-01	7.109447e-01	4.060424e+00	-1.741292e+00	4.210437e-01	2.980000e+02	3.000000e+02	2.21151
-2.031950e-01	7.109447e-01	4.060424e+00	-1.741292e+00	4.210437e-01	2.980000e+02	3.000000e+02	2.21151
-2.031950e-01	7.109447e-01	4.060424e+00	-1.741292e+00	4.210437e-01	2.980000e+02	3.000000e+02	2.21151
-2.031950e-01	7.109447e-01	4.060424e+00	-1.741292e+00	4.210437e-01	2.980000e+02	3.000000e+02	2.21151
-2.031950e-01	7.109447e-01	4.060424e+00	-1.741292e+00	4.210437e-01	2.980000e+02	3.000000e+02	2.21151
-2.061089e-01	7.110073e-01	4.519397e+00	-1.809866e+00	4.299034e-01	2.980000e+02	3.000000e+02	2.21154
-2.044560e-01	7.111395e-01	4.175124e+00	-1.758594e+00	4.239076e-01	2.980000e+02	3.000000e+02	2.21149
-2.044560e-01	7.111395e-01	4.175124e+00	-1.758594e+00	4.239076e-01	2.980000e+02	3.000000e+02	2.21149
-2.044560e-01	7.111395e-01	4.175124e+00	-1.758594e+00	4.239076e-01	2.980000e+02	3.000000e+02	2.21149
-2.044560e-01	7.111395e-01	4.175124e+00	-1.758594e+00	4.239076e-01	2.980000e+02	3.000000e+02	2.21149
-2.044560e-01	7.111395e-01	4.175124e+00	-1.758594e+00	4.239076e-01	2.980000e+02	3.000000e+02	2.21149
-2.044560e-01	7.111395e-01	4.175124e+00	-1.758594e+00	4.239077e-01	2.980000e+02	3.000000e+02	2.21149
-2.062293e-01	7.112374e-01	4.404549e+00	-1.793203e+00	4.288614e-01	2.980000e+02	3.000000e+02	2.21147
-2.062294e-01	7.112374e-01	4.404549e+00	-1.793203e+00	4.288614e-01	2.980000e+02	3.000000e+02	2.21147
-2.062293e-01	7.112375e-01	4.404549e+00	-1.793203e+00	4.288614e-01	2.980000e+02	3.000000e+02	2.21147
-2.062293e-01	7.112374e-01	4.404549e+00	-1.793203e+00	4.288614e-01	2.980000e+02	3.000000e+02	2.21147
-2.062293e-01	7.112374e-01	4.404549e+00	-1.793203e+00	4.288614e-01	2.980000e+02	3.000000e+02	2.21147
-2.062293e-01	7.112374e-01	4.404549e+00	-1.793203e+00	4.288614e-01	2.980000e+02	3.000000e+02	2.21147
-2.085307e-01	7.113032e-01	4.864389e+00	-1.855936e+00	4.360631e-01	2.980000e+02	3.000000e+02	2.21150
-2.071060e-01	7.114163e-01	4.519566e+00	-1.808425e+00	4.308574e-01	2.980000e+02	3.000000e+02	2.21146
-2.071060e-01	7.114163e-01	4.519566e+00	-1.808425e+00	4.308574e-01	2.980000e+02	3.000000e+02	2.21146
-2.071060e-01	7.114163e-01	4.519566e+00	-1.808425e+00	4.308574e-01	2.980000e+02	3.000000e+02	2.21146
-2.071060e-01	7.114163e-01	4.519566e+00	-1.808425e+00	4.308574e-01	2.980000e+02	3.000000e+02	2.21146
-2.071060e-01	7.114163e-01	4.519566e+00	-1.808425e+00	4.308574e-01	2.980000e+02	3.000000e+02	2.21146
-2.071060e-01	7.114163e-01	4.519566e+00	-1.808425e+00	4.308575e-01	2.980000e+02	3.000000e+02	2.21146
-2.085535e-01	7.114577e-01	4.749378e+00	-1.840487e+00	4.350826e-01	2.980000e+02	3.000000e+02	2.21145
-2.085535e-01	7.114577e-01	4.749378e+00	-1.840487e+00	4.350826e-01	2.980000e+02	3.000000e+02	2.21145
-2.085535e-01	7.114577e-01	4.749378e+00	-1.840487e+00	4.350826e-01	2.980000e+02	3.000000e+02	2.21145
-2.085535e-01	7.114577e-01	4.749378e+00	-1.840487e+00	4.350826e-01	2.980000e+02	3.000000e+02	2.21145
-2.085535e-01	7.114577e-01	4.749378e+00	-1.840487e+00	4.350826e-01	2.980000e+02	3.000000e+02	2.21145
-2.085535e-01	7.114577e-01	4.749378e+00	-1.840487e+00	4.350827e-01	2.980000e+02	3.000000e+02	2.21145
-2.104739e-01	7.114980e-01	5.209835e+00	-1.898651e+00	4.412513e-01	2.980000e+02	3.000000e+02	2.21146
-2.092307e-01	7.115918e-01	4.864556e+00	-1.854499e+00	4.366982e-01	2.980000e+02	3.000000e+02	2.21144
-2.092307e-01	7.115918e-01	4.864556e+00	-1.854499e+00	4.366982e-01	2.980000e+02	3.000000e+02	2.21144
-2.092307e-01	7.115918e-01	4.864556e+00	-1.854499e+00	4.366982e-01	2.980000e+02	3.000000e+02	2.21144
-2.092307e-01	7.115918e-01	4.864556e+00	-1.854499e+00	4.366982e-01	2.980000e+02	3.000000e+02	2.21144
-2.092307e-01	7.115918e-01	4.864556e+00	-1.854499e+00	4.366982e-01	2.980000e+02	3.000000e+02	2.21144
-2.092307e-01	7.115918e-01	4.864556e+00	-1.854499e+00	4.366982e-01	2.980000e+02	3.000000e+02	2.21144
-2.104555e-01	7.116162e-01	5.094686e+00	-1.884271e+00	4.403520e-01	2.980000e+02	3.000000e+02	2.21143
-2.104556e-01	7.116162e-01	5.094686e+00	-1.884271e+00	4.403520e-01	2.980000e+02	3.000000e+02	2.21143
-2.104555e-01	7.116162e-01	5.094686e+00	-1.884271e+00	4.403520e-01	2.980000e+02	3.000000e+02	2.21143
-2.104555e-01	7.116162e-01	5.094686e+00	-1.884271e+00	4.403520e-01	2.980000e+02	3.000000e+02	2.21143
-2.104555e-01	7.116162e-01	5.094686e+00	-1.884271e+00	4.403520e-01	2.980000e+02	3.000000e+02	2.21143
-2.104555e-01	7.116162e-01	5.094686e+00	-1.884271e+00	4.403521e-01	2.980000e+02	3.000000e+02	2.21143
-2.112725e-01	7.116522e-01	5.325214e+00	-1.910935e+00	4.429502e-01	2.980000e+02	3.000000e+02	2.21166
-2.107287e-01	7.116930e-01	5.152384e+00	-1.890343e+00	4.409465e-01	2.980000e+02	3.000000e+02	2.21142
-2.107287e-01	7.116930e-01	5.152384e+00	-1.890343e+00	4.409465e-01	2.980000e+02	3.000000e+02	2.21142
-2.107287e-01	7.116930e-01	5.152384e+00	-1.890343e+00	4.409465e-01	2.980000e+02	3.000000e+02	2.21142
-2.107287e-01	7.116930e-01	5.152384e+00	-1.890343e+00	4.409465e-01	2.980000e+02	3.000000e+02	2.21142
-2.107287e-01	7.116930e-01	5.152384e+00	-1.890344e+00	4.409465e-01	2.980000e+02	3.000000e+02	2.21142
-2.107287e-01	7.116930e-01	5.152384e+00	-1.890343e+00	4.409465e-01	2.980000e+02	3.000000e+02	2.21142
-2.115257e-01	7.117562e-01	5.267460e+00	-1.905107e+00	4.430186e-01	2.980000e+02	3.000000e+02	2.21141
-2.115258e-01	7.117562e-01	5.267460e+00	-1.905107e+00	4.430186e-01	2.980000e+02	3.000000e+02	2.21141
-2.115257e-01	7.117562e-01	5.267460e+00	-1.905107e+00	4.430186e-01	2.980000e+02	3.000000e+02	2.21141
-2.115257e-01	7.117562e-01	5.267460e+00	-1.905107e+00	4.430186e-01	2.980000e+02	3.000000e+02	2.21141
-2.115257e-01	7.117562e-01	5.267460e+00	-1.905107e+00	4.430186e-01	2.980000e+02	3.000000e+02	2.21141
-2.115257e-01	7.117562e-01	5.267460e+00	-1.905107e+00	4.430186e-01	2.980000e+02	3.000000e+02	2.21141
-2.124371e-01	7.118010e-01	5.497980e+00	-1.931814e+00	4.457879e-01	2.980000e+02	3.000000e+02	2.21140
-2.124371e-01	7.118010e-01	5.497980e+00	-1.931814e+00	4.457879e-01	2.980000e+02	3.000000e+02	2.21140
-2.124371e-01	7.118010e-01	5.497980e+00	-1.931814e+00	4.457879e-01	2.980000e+02	3.000000e+02	2.21140
-2.124371e-01	7.118010e-01	5.497980e+00	-1.931814e+00	4.457879e-01	2.980000e+02	3.000000e+02	2.21140
-2.124371e-01	7.118010e-01	5.497980e+00	-1.931814e+00	4.457879e-01	2.980000e+02	3.000000e+02	2.21140
-2.124371e-01	7.118010e-01	5.497980e+00	-1.931814e+00	4.457879e-01	2.980000e+02	3.000000e+02	2.21140
-2.136413e-01	7.117440e-01	5.959422e+00	-1.981776e+00	4.502026e-01	2.980000e+02	3.000000e+02	2.21140
-2.127002e-01	7.118130e-01	5.613414e+00	-1.943620e+00	4.467171e-01	2.980000e+02	3.000000e+02	2.21139
-2.127002e-01	7.118130e-01	5.613414e+00	-1.943620e+00	4.467171e-01	2.980000e+02	3.000000e+02	2.21139
-2.127002e-01	7.118130e-01	5.613414e+00	-1.943620e+00	4.467171e-01	2.980000e+02	3.000000e+02	2.21139
-2.127002e-01	7.118130e-01	5.613414e+00	-1.943620e+00	4.467171e-01	2.980000e+02	3.000000e+02	2.21139
-2.127002e-01	7.118130e-01	5.613414e+00	-1.943620e+00	4.467171e-01	2.980000e+02	3.000000e+02	2.21139
-2.127002e-01	7.118130e-01	5.613414e+00	-1.943620e+00	4.467172e-01	2.980000e+02	3.000000e+02	2.21139
-2.131741e-01	7.116665e-01	5.844121e+00	-1.968729e+00	4.489855e-01	2.980000e+02	3.000000e+02	2.21138
-2.131741e-01	7.116665e-01	5.844121e+00	-1.968729e+00	4.489855e-01	2.980000e+02	3.000000e+02	2.21138
-2.131741e-01	7.116665e-01	5.844121e+00	-1.968729e+00	4.489855e-01	2.980000e+02	3.000000e+02	2.21138
-2.131741e-01	7.116665e-01	5.844121e+00	-1.968729e+00	4.489855e-01	2.980000e+02	3.000000e+02	2.21138
-2.131741e-01	7.116665e-01	5.844121e+00	-1.968729e+00	4.489855e-01	2.980000e+02	3.000000e+02	2.21138
-2.131741e-01	7.116665e-01	5.844121e+00	-1.968729e+00	4.489855e-01	2.980000e+02	3.000000e+02	2.21138
-2.099722e-01	7.100414e-01	6.306475e+00	-2.009480e+00	4.479917e-01	2.980000e+02	3.000000e+02	2.21141
-2.091583e-01	7.101046e-01	5.959903e+00	-1.973706e+00	4.449177e-01	2.980000e+02	3.000000e+02	2.21139
-2.089625e-01	7.101232e-01	5.872078e+00	-1.964664e+00	4.441538e-01	2.980000e+02	3.000000e+02	2.21139
-2.097706e-01	7.103445e-01	5.845004e+00	-1.963846e+00	4.451576e-01	2.980000e+02	3.000000e+02	2.21139
-2.119898e-01	7.110309e-01	5.844233e+00	-1.967974e+00	4.480375e-01	2.980000e+02	3.000000e+02	2.21138
-2.119899e-01	7.110309e-01	5.844233e+00	-1.967974e+00	4.480375e-01	2.980000e+02	3.000000e+02	2.21138
-2.119898e-01	7.110309e-01	5.844233e+00	-1.967974e+00	4.480375e-01	2.980000e+02	3.000000e+02	2.21138
-2.119898e-01	7.110309e-01	5.844233e+00	-1.967974e+00	4.480375e-01	2.980000e+02	3.000000e+02	2.21138
-2.119898e-01	7.110309e-01	5.844233e+00	-1.967974e+00	4.480375e-01	2.980000e+02	3.000000e+02	2.21138
-2.119898e-01	7.110309e-01	5.844233e+00	-1.967974e+00	4.480375e-01	2.980000e+02	3.000000e+02	2.21138
-2.123145e-01	7.112205e-01	5.844257e+00	-1.967812e+00	4.482310e-01	2.980000e+02	3.000000e+02	2.21138
-2.123145e-01	7.112205e-01	5.844257e+00	-1.967812e+00	4.482310e-01	2.980000e+02	3.000000e+02	2.21138
-2.123145e-01	7.112205e-01	5.844257e+00	-1.967812e+00	4.482310e-01	2.980000e+02	3.000000e+02	2.21138
-2.123145e-01	7.112205e-01	5.844257e+00	-1.967812e+00	4.482310e-01	2.980000e+02	3.000000e+02	2.21138
-2.123145e-01	7.112205e-01	5.844257e+00	-1.967812e+00	4.482310e-01	2.980000e+02	3.000000e+02	2.21138
-2.123145e-01	7.112205e-01	5.844257e+00	-1.967812e+00	4.482310e-01	2.980000e+02	3.000000e+02	2.21138
-2.129756e-01	7.116231e-01	5.844315e+00	-1.967887e+00	4.486933e-01	2.980000e+02	3.000000e+02	2.21138
-2.129756e-01	7.116231e-01	5.844315e+00	-1.967887e+00	4.486933e-01	2.980000e+02	3.000000e+02	2.21138
-2.129756e-01	7.116232e-01	5.844315e+00	-1.967887e+00	4.486933e-01	2.980000e+02	3.000000e+02	2.21138
-2.129756e-01	7.116231e-01	5.844315e+00	-1.967887e+00	4.486933e-01	2.980000e+02	3.000000e+02	2.21138
-2.129756e-01	7.116231e-01	5.844315e+00	-1.967887e+00	4.486933e-01	2.980000e+02	3.000000e+02	2.21138
-2.129756e-01	7.116231e-01	5.844315e+00	-1.967887e+00	4.486933e-01	2.980000e+02	3.000000e+02	2.21138
-2.122990e-01	7.112641e-01	5.844343e+00	-1.967837e+00	4.482117e-01	2.980000e+02	3.000000e+02	2.21138
-2.128030e-01	7.115492e-01	5.844316e+00	-1.967919e+00	4.485705e-01	2.980000e+02	3.000000e+02	2.21138
-2.128030e-01	7.115492e-01	5.844316e+00	-1.967919e+00	4.485705e-01	2.980000e+02	3.000000e+02	2.21138
-2.128030e-01	7.115492e-01	5.844316e+00	-1.967919e+00	4.485705e-01	2.980000e+02	3.000000e+02	2.21138
-2.128030e-01	7.115492e-01	5.844316e+00	-1.967919e+00	4.485705e-01	2.980000e+02	3.000000e+02	2.21138
-2.128030e-01	7.115492e-01	5.844316e+00	-1.967919e+00	4.485705e-01	2.980000e+02	3.000000e+02	2.21138
-2.128030e-01	7.115492e-01	5.844316e+00	-1.967919e+00	4.485706e-01	2.980000e+02	3.000000e+02	2.21138
-2.129270e-01	7.115910e-01	5.844463e+00	-1.967960e+00	4.486754e-01	2.980000e+02	3.000000e+02	2.21138
-2.128432e-01	7.115498e-01	5.844328e+00	-1.967901e+00	4.486038e-01	2.980000e+02	3.000000e+02	2.21138
-2.128433e-01	7.115498e-01	5.844328e+00	-1.967901e+00	4.486038e-01	2.980000e+02	3.000000e+02	2.21138
-2.128432e-01	7.115499e-01	5.844328e+00	-1.967901e+00	4.486038e-01	2.980000e+02	3.000000e+02	2.21138
-2.128432e-01	7.115498e-01	5.844328e+00	-1.967901e+00	4.486038e-01	2.980000e+02	3.000000e+02	2.21138
-2.128432e-01	7.115498e-01	5.844328e+00	-1.967901e+00	4.486038e-01	2.980000e+02	3.000000e+02	2.21138
-2.128432e-01	7.115498e-01	5.844328e+00	-1.967901e+00	4.486038e-01	2.980000e+02	3.000000e+02	2.21138
-2.127682e-01	7.115115e-01	5.844381e+00	-1.967892e+00	4.485503e-01	2.980000e+02	3.000000e+02	2.21138
-2.128212e-01	7.115404e-01	5.844334e+00	-1.967906e+00	4.485912e-01	2.980000e+02	3.000000e+02	2.21138
-2.128212e-01	7.115404e-01	5.844334e+00	-1.967906e+00	4.485912e-01	2.980000e+02	3.000000e+02	2.21138
-2.128212e-01	7.115404e-01	5.844334e+00	-1.967906e+00	4.485912e-01	2.980000e+02	3.000000e+02	2.21138
-2.128212e-01	7.115404e-01	5.844334e+00	-1.967906e+00	4.485912e-01	2.980000e+02	3.000000e+02	2.21138
-2.128212e-01	7.115404e-01	5.844334e+00	-1.967906e+00	4.485912e-01	2.980000e+02	3.000000e+02	2.21138
-2.128212e-01	7.115404e-01	5.844334e+00	-1.967906e+00	4.485912e-01	2.980000e+02	3.000000e+02	2.21138
-2.128198e-01	7.115377e-01	5.844362e+00	-1.967912e+00	4.485924e-01	2.980000e+02	3.000000e+02	2.21138
-2.128198e-01	7.115377e-01	5.844362e+00	-1.967912e+00	4.485924e-01	2.980000e+02	3.000000e+02	2.21138
-2.128198e-01	7.115377e-01	5.844362e+00	-1.967912e+00	4.485924e-01	2.980000e+02	3.000000e+02	2.21138
-2.128198e-01	7.115377e-01	5.844362e+00	-1.967912e+00	4.485924e-01	2.980000e+02	3.000000e+02	2.21138
-2.128198e-01	7.115377e-01	5.844362e+00	-1.967912e+00	4.485924e-01	2.980000e+02	3.000000e+02	2.21138
-2.128198e-01	7.115377e-01	5.844362e+00	-1.967912e+00	4.485924e-01	2.980000e+02	3.000000e+02	2.21138
-2.128198e-01	7.115377e-01	5.844362e+00	-1.967912e+00	4.485924e-01	2.980000e+02	3.000000e+02	2.21138
